15 2
1 Brown 14457 15241 15760 16498
2 Murrey 15054 15552 15866 16289
3 Johansson 14899 15649 16335 16652
4 Moroz 14946 15734 16030 16359
5 King 14793 15271 15727 16378
6 Kipling 15153 15668 16175 16502
7 Stuart 14537 14916 15121 15429
8 Hawking 14980 15260 16049 16607
9 Einstein 14985 15452 15966 16343
10 Olsen 14997 15732 16292 16527
11 Downey 15026 15661 16012 16446
12 Lee 14780 15373 16116 16513
13 Stone 15092 15519 16156 16442
14 Watson 14558 15048 15783 16341
15 Holmes 14743 14743 14743 14743